-4.000000000000000000e+00
-3.899999999999999911e+00
-3.799999999999999822e+00
-3.699999999999999734e+00
-3.599999999999999645e+00
-3.499999999999999556e+00
-3.399999999999999467e+00
-3.299999999999999378e+00
-3.199999999999999289e+00
-3.099999999999999201e+00
-2.999999999999999112e+00
-2.899999999999999023e+00
-2.799999999999998934e+00
-2.699999999999998845e+00
-2.599999999999998757e+00
-2.499999999999998668e+00
-2.399999999999998579e+00
-2.299999999999998490e+00
-2.199999999999998401e+00
-2.099999999999998312e+00
-1.999999999999998224e+00
-1.899999999999998135e+00
-1.799999999999998046e+00
-1.699999999999997957e+00
-1.599999999999997868e+00
-1.499999999999997780e+00
-1.399999999999997691e+00
-1.299999999999997602e+00
-1.199999999999997513e+00
-1.099999999999997424e+00
-9.999999999999973355e-01
-8.999999999999972466e-01
-7.999999999999971578e-01
-6.999999999999970690e-01
-5.999999999999969802e-01
-4.999999999999968914e-01
-3.999999999999968026e-01
-2.999999999999967137e-01
-1.999999999999966249e-01
-9.999999999999653610e-02
3.552713678800500929e-15
1.000000000000031974e-01
2.000000000000037303e-01
3.000000000000042633e-01
4.000000000000039080e-01
5.000000000000035527e-01
6.000000000000040856e-01
7.000000000000046185e-01
8.000000000000042633e-01
9.000000000000039080e-01
1.000000000000004441e+00
1.100000000000004974e+00
1.200000000000004619e+00
1.300000000000004263e+00
1.400000000000004796e+00
1.500000000000005329e+00
1.600000000000004974e+00
1.700000000000004619e+00
1.800000000000005151e+00
1.900000000000005684e+00
2.000000000000005329e+00
2.100000000000004974e+00
2.200000000000005507e+00
2.300000000000006040e+00
2.400000000000005684e+00
2.500000000000005329e+00
2.600000000000005862e+00
2.700000000000006395e+00
2.800000000000006040e+00
2.900000000000005684e+00
3.000000000000006217e+00
3.100000000000006750e+00
3.200000000000006395e+00
3.300000000000006040e+00
3.400000000000006573e+00
3.500000000000007105e+00
3.600000000000006750e+00
3.700000000000006395e+00
3.800000000000006928e+00
3.900000000000007461e+00
4.000000000000007105e+00
4.100000000000006750e+00
4.200000000000006395e+00
4.300000000000007816e+00
4.400000000000007461e+00
4.500000000000007105e+00
