3.032533904947669057e-01
3.394750168945634528e+00
8.324064289738750677e-01
4.955847219652612878e+00
2.046536660113264627e+00
4.712168879748522166e+00
5.324739312583052886e+00
4.993445188670527557e+00
5.159136231201602918e+00
6.254520180134266916e+00
1.337824772947096674e+00
3.892713825279767725e-01
6.112041058618350675e+00
5.828608087324557374e+00
1.543224695545124314e+00
6.266217337425753264e+00
1.308309850842986455e+00
7.141653212922072225e-01
2.571124955726180050e-01
2.371417566489617545e+00
6.862644120274407067e-01
4.413449602262703664e+00
1.827822201196214635e+00
9.499447081176688734e-02
4.270040964309432141e+00
6.181332052613919714e+00
6.583663317189478725e-01
4.047593005147359868e+00
5.637162888214951373e+00
5.639506316340567871e+00
2.309338498740379553e+00
4.981976136504257191e+00
5.480154963800032419e+00
5.703946847421036637e+00
7.618270892470826450e-01
4.174197858836823372e+00
3.904817432784141396e+00
2.597509369881719765e-01
4.375431621533254045e+00
5.209689825464299595e+00
3.230672042839649372e+00
3.637211978151883573e-01
1.310917334112413180e+00
5.741057421779516279e-01
4.064396105490713396e+00
5.271400669213393009e-01
5.026399509741982241e-01
6.113013090900649260e+00
1.125437444268308829e+00
4.830566643127180981e+00
6.709852488220829914e-01
3.292066879095935761e+00
5.319769520208849301e+00
2.409576511543719324e+00
nan
4.146605085236655941e-01
nan
2.913894721537302335e+00
5.185627392758196841e+00
1.710892284938463126e+00
4.425625605643353389e+00
4.336982205597832873e+00
1.713659747661442634e-01
2.611311925408788537e-01
6.138154559204157756e+00
4.842322942024601673e+00
5.857780880442210680e+00
1.940568603957596894e+00
5.826181510020401966e+00
5.401435172594117873e+00
1.343826429880109252e+00
4.504772224899944888e+00
6.122272426085507924e+00
4.500988751049161074e+00
2.811742596568993946e+00
2.523651423192690757e+00
1.888050331710164342e-01
5.943023605918019925e+00
4.499794330343646287e+00
5.979450292421717439e-01
5.995107840851262360e+00
6.185969003291634571e+00
3.431809012937598463e-02
5.632801480699849428e+00
2.884914268794039227e+00
5.119597516729632147e+00
8.484061972346925717e-01
8.154064632454527395e-01
1.134613698745578825e+00
1.628114976486558785e+00
6.096485021300171780e+00
5.546424086487776961e+00
6.268076198012516365e+00
4.609112016443867255e+00
3.991225359527881267e+00
1.904832438256034211e+00
4.140518218666876749e+00
5.999157084508097704e+00
5.576012284845676348e+00
2.348370711200133076e+00
3.373873508382881692e+00
5.515563235577978674e+00
2.994344458564188294e+00
1.340283461595935588e+00
5.775547927756623068e+00
4.071918355022322022e-01
4.126831658890112164e-01
5.223744662308848596e+00
7.758066834975847481e-01
2.021446635390820035e+00
4.400411914732154983e+00
5.869520152879980301e+00
2.980031886215018577e+00
5.585375083563429932e+00
5.614159258087280335e+00
5.625966100499880440e+00
5.454252803137851657e+00
1.882003334377182036e+00
6.151146670254701299e+00
nan
4.708595937277648247e+00
1.337719821440795487e+00
4.954087735851937069e+00
4.513435987756422740e+00
1.442630316291409143e+00
4.485659160778970644e+00
2.297061499455130829e+00
1.649316862146700258e+00
4.400920412175620688e-01
3.597485141743503867e+00
nan
3.106973627416093731e+00
5.426937358922090837e+00
1.247663279519999335e-01
1.804591726467935642e+00
2.835260787801967552e+00
5.453534235259163587e+00
4.697340868855881979e+00
2.572540340600378839e-01
6.171932293432330852e+00
3.222993779620186405e+00
2.828439062282253058e+00
5.019871897010604878e-01
6.225585258525300425e+00
4.571527850841926588e-01
4.409137338936005790e+00
2.225831636263326807e+00
2.305702258807667882e+00
9.685874234569444852e-01
5.895232533145657428e+00
4.729613833753557373e+00
1.123153647845294145e+00
2.210805290790822664e+00
5.761826172737025686e+00
5.609724315802059103e+00
1.841655576482549739e+00
4.841644866382337042e+00
3.498962117325642662e+00
4.051760678742304833e+00
4.645791826464318319e+00
3.148699196684652257e+00
5.734822845239149203e+00
4.611429951501618163e+00
3.830376252593117870e-01
1.900807311052789883e+00
3.163451661414121485e+00
5.829734500342888204e+00
1.774925303947720412e+00
6.167411447146457171e+00
1.520267925852094859e-01
3.153435446141259924e+00
3.439282689614709732e+00
5.666479837763269245e+00
2.125323166133921582e+00
9.058586696569946584e-02
4.291746949888660012e+00
2.052510694545096881e-01
5.954375092621572385e+00
4.564815521527938458e+00
nan
1.070541841462807203e-01
5.711536034937173767e+00
5.990023114656524150e-01
2.272492231204772839e+00
3.088659289022069876e-01
4.903446575726245982e+00
4.974152177297376021e+00
2.314452154744171264e-01
2.748624151475881128e+00
4.735848033049617101e+00
3.074679715163150640e+00
1.434503137294337316e+00
4.878956414219604576e-01
1.771717899263026030e+00
2.337355551375005280e+00
2.681124619924588171e+00
4.224741141165098135e+00
4.936499939039337370e+00
3.918283827443519440e-01
9.849588154308358545e-01
1.308102347858539072e-01
nan
1.704383065540316267e+00
4.310416388721296954e+00
5.876812436996541322e+00
2.589592907267155297e+00
